100
500 500
1000
104 433
484 370
350 244
203 154
447 171
319 303
158 238
169 327
103 89
425 334
143 101
94 451
471 28
155 253
67 380
319 472
58 231
143 268
159 323
472 400
163 221
114 440
307 224
73 214
364 433
216 474
371 407
454 137
27 293
198 2
293 127
334 333
98 219
355 293
375 189
212 142
160 358
376 179
343 346
390 472
10 389
135 227
431 436
466 316
326 10
467 109
196 168
157 412
21 300
273 59
2 29
376 105
261 113
98 313
108 278
421 204
246 452
205 475
163 330
167 161
24 111
186 84
23 45
285 201
3 92
122 268
407 329
311 50
71 140
7 102
399 200
41 102
291 376
124 446
413 315
133 442
431 406
379 466
318 289
80 471
428 75
181 304
50 399
228 344
351 298
463 58
121 413
99 55
32 349
147 317
100 176
486 14
76 236
419 187
486 185
7 46
399 188
135 292
307 273
75 268
122 214
258 487
324 381
481 463
6 132
180 59
319 43
163 461
299 299
255 153
161 467
256 69
329 438
398 237
270 299
38 321
300 422
350 163
128 417
302 441
333 293
113 326
428 83
151 352
295 339
495 345
97 262
167 33
225 450
458 257
195 335
3 431
24 174
89 282
392 481
59 397
55 396
411 379
275 240
51 167
80 328
65 292
118 228
177 150
440 409
88 79
428 472
165 58
311 395
163 5
234 261
212 108
421 7
249 151
277 230
66 18
68 426
8 188
131 438
326 486
234 356
376 454
475 39
34 28
180 60
184 408
415 57
247 464
464 270
236 476
0 202
336 383
242 395
181 480
239 298
104 79
276 173
236 303
438 395
128 186
308 135
371 465
437 294
59 222
341 6
382 404
156 344
323 397
381 246
472 9
177 211
170 28
96 192
349 325
167 171
100 216
453 112
185 410
302 250
119 175
197 372
299 88
109 351
334 475
192 171
451 218
419 66
373 332
118 287
311 396
473 202
356 309
302 119
67 241
263 469
349 487
37 236
10 281
469 347
490 15
128 123
314 46
184 408
104 387
493 261
366 379
320 49
83 230
365 480
442 180
339 42
12 181
33 333
381 99
366 97
460 214
106 317
216 17
215 249
401 172
435 46
416 89
406 254
320 324
404 426
147 18
283 320
244 381
160 116
456 247
418 469
190 363
217 313
415 449
298 110
351 380
488 257
260 189
329 441
148 252
53 327
280 68
97 191
135 234
290 391
465 411
203 262
136 460
347 167
300 21
416 217
377 257
485 315
245 0
19 250
290 438
402 1
425 290
252 375
420 313
365 447
421 354
295 205
68 404
198 373
374 322
209 50
296 233
359 22
275 11
286 417
323 447
264 307
183 245
167 315
255 396
224 371
2 69
58 52
244 369
94 368
18 202
205 310
198 215
487 268
112 122
486 86
141 420
299 150
128 38
245 395
57 200
491 81
77 6
209 61
450 437
184 249
418 474
423 197
478 317
310 8
484 434
379 333
238 323
262 189
492 215
459 269
434 51
194 220
113 359
226 237
287 15
152 154
331 94
450 197
276 334
25 44
99 0
400 140
68 183
341 273
486 439
104 138
420 412
321 225
106 486
138 12
77 451
325 128
286 104
478 337
314 110
272 372
216 0
336 36
443 154
272 290
349 43
102 4
373 190
11 359
204 51
252 390
148 267
289 469
267 410
106 335
287 317
324 167
34 223
220 253
97 98
488 156
108 1
149 285
186 291
132 402
44 185
366 98
16 353
69 488
227 163
85 440
459 392
402 72
55 171
201 35
498 444
416 479
217 203
468 421
49 404
304 265
114 277
320 295
160 388
62 239
339 398
136 486
76 461
441 37
250 279
259 32
218 319
455 342
211 142
206 343
357 77
467 214
356 419
439 61
402 367
399 450
391 306
324 35
421 294
91 172
191 232
132 402
71 212
10 360
133 343
242 1
109 20
18 96
125 201
472 161
110 469
9 347
187 371
310 167
440 367
117 5
497 252
402 296
241 23
30 374
229 271
73 235
197 63
162 357
85 410
455 228
399 494
455 185
192 441
462 492
342 153
168 406
290 261
222 306
400 62
192 278
400 15
472 240
34 330
383 147
242 213
309 486
435 303
126 31
331 448
165 189
46 241
270 96
22 346
40 162
437 423
371 420
308 494
266 135
426 416
85 81
85 326
6 233
323 88
91 50
375 186
277 448
365 416
420 235
406 333
250 10
230 424
360 243
447 331
309 476
486 303
476 496
351 452
38 88
169 66
151 93
149 254
443 140
419 207
64 214
271 413
214 69
43 437
116 73
9 28
368 32
87 0
13 152
24 377
310 365
323 234
457 467
171 449
236 179
243 61
144 433
61 148
353 475
85 102
473 207
341 8
484 386
223 257
87 66
172 329
381 225
45 422
150 442
497 395
488 80
55 95
47 447
267 297
190 357
434 401
482 10
151 21
332 475
223 274
359 156
118 412
23 100
30 498
392 253
164 334
93 153
171 353
419 292
70 259
203 41
124 205
61 75
274 482
337 112
416 388
168 179
233 237
51 342
183 214
214 41
212 14
189 223
119 452
305 489
49 442
369 495
416 145
378 316
417 324
332 201
440 416
110 24
30 426
157 324
369 107
184 341
462 18
7 197
228 319
458 450
444 204
32 422
472 170
65 407
126 256
386 222
496 187
258 127
286 60
299 143
154 344
290 130
79 192
115 165
328 467
365 108
45 179
324 299
132 471
109 183
272 408
348 321
206 61
124 64
441 257
122 20
144 438
492 412
461 60
379 88
174 65
301 436
43 206
283 90
12 284
199 207
0 450
29 413
458 336
18 419
32 184
57 340
128 254
372 462
414 176
13 483
341 164
328 427
195 123
168 282
451 226
229 353
451 32
465 381
337 200
483 43
405 404
99 329
303 356
332 35
413 73
366 87
69 377
83 445
1 443
73 337
103 212
215 494
205 382
98 264
263 137
470 165
18 315
204 463
475 78
468 205
316 191
178 305
14 387
320 191
485 147
465 266
338 61
446 227
481 423
327 243
26 297
205 391
148 346
391 65
76 92
83 241
369 113
305 443
85 263
206 486
312 209
399 398
72 474
166 234
176 234
436 170
235 90
450 43
352 79
120 223
266 144
37 328
47 151
284 478
37 246
163 473
26 338
259 486
380 457
126 283
133 270
300 68
262 496
10 361
231 43
336 193
411 190
302 120
104 372
6 159
299 292
247 463
195 219
3 174
477 284
19 443
159 46
221 302
358 117
162 404
175 96
375 269
482 495
47 375
153 431
144 256
413 463
84 456
476 478
390 233
332 340
131 296
407 204
215 425
488 106
114 369
35 101
100 168
350 125
487 51
363 411
290 57
205 358
294 387
401 318
194 440
153 401
327 438
73 29
61 232
197 311
399 284
261 222
3 234
474 238
222 499
415 455
69 124
409 184
390 474
349 473
407 307
493 217
499 419
202 1
484 90
312 135
321 387
258 205
53 474
447 287
414 310
91 46
61 329
47 93
258 135
113 291
377 11
408 193
107 444
289 99
397 417
357 292
485 116
196 47
302 496
160 106
356 387
131 317
20 475
224 222
407 61
136 218
447 90
466 419
179 238
355 284
126 274
401 86
306 8
452 154
491 284
13 67
422 387
465 260
103 208
487 408
327 3
224 390
186 74
476 433
19 431
489 263
165 56
381 29
400 459
103 417
148 398
30 366
485 233
92 133
449 275
384 361
475 367
127 39
387 461
234 471
373 171
202 398
401 183
444 32
155 405
485 384
7 3
443 112
342 342
191 402
124 112
229 164
204 331
404 312
63 174
159 72
60 388
383 275
305 216
257 473
141 460
104 68
189 311
469 382
67 176
314 269
87 398
61 222
111 407
194 410
202 425
230 162
348 288
25 234
271 213
442 477
127 138
295 117
30 81
391 254
107 299
417 123
364 213
202 472
365 285
393 26
179 229
484 25
417 133
268 498
440 110
233 22
244 382
345 115
232 216
112 393
333 315
295 499
222 305
14 430
90 64
256 86
148 476
433 476
255 16
422 76
341 164
139 221
219 43
477 118
476 227
136 27
464 326
131 61
201 373
354 193
90 367
480 222
328 308
445 205
31 497
108 17
41 235
281 438
391 376
57 29
117 459
43 277
161 251
238 178
11 488
423 217
316 126
101 332
274 239
64 220
264 153
337 475
284 56
20 98
188 454
119 55
499 344
443 76
13 366
6 172
59 140
298 443
390 61
490 71
24 478
424 171
324 362
297 402
73 226
334 179
144 232
314 205
94 216
126 206
71 5
144 349
94 369
159 120
189 477
267 101
488 27
300 454
325 204
137 78
87 74
407 466
193 345
93 389
179 1
428 189
124 356
349 160
359 409
399 108
22 407
124 33
312 385
313 496
249 209
207 366
225 72
288 233
494 401
280 286
140 19
407 405
406 355
369 387
441 432
481 424
255 337
363 434
136 115
379 323
387 497
229 313
490 191
163 263
331 269
221 207
368 417
440 352
468 207
63 279
466 3
225 229
445 166
485 119
163 446
0 264
242 493
207 75
320 259
303 256
